[0,0]: (2, 2, 2, 255)
[0,1]: (0, 2, 0, 255)
[0,2]: (0, 2, 0, 255)
[0,3]: (0, 2, 0, 255)
[0,4]: (2, 2, 2, 255)

[2,0]: (2, 0, 2, 255)
[2,1]: (2, 2, 2, 255)
[2,2]: (2, 2, 2, 255)
[2,3]: (2, 0, 2, 255)
[2,4]: (2, 0, 2, 255)

[4,0]: (2, 2, 2, 255)
[4,1]: (2, 0, 2, 255)
[4,2]: (2, 2, 2, 255)
[4,3]: (2, 0, 2, 255)
[4,4]: (2, 0, 2, 255)

[6,0]: (2, 2, 2, 255)
[6,1]: (2, 0, 0, 255)
[6,2]: (2, 0, 2, 255)
[6,3]: (2, 0, 2, 255)
[6,4]: (2, 2, 2, 255)

[8,0]: (2, 2, 2, 255)
[8,1]: (0, 2, 0, 255)
[8,2]: (0, 2, 0, 255)
[8,3]: (0, 2, 0, 255)
[8,4]: (2, 2, 2, 255)

[10,0]: (2, 2, 0, 255)
[10,1]: (2, 0, 2, 255)
[10,2]: (2, 0, 2, 255)
[10,3]: (2, 0, 2, 255)
[10,4]: (2, 0, 2, 255)

[12,0]: (2, 2, 2, 255)
[12,1]: (2, 0, 0, 255)
[12,2]: (2, 2, 2, 255)
[12,3]: (2, 0, 0, 255)
[12,4]: (2, 2, 2, 255)

[14,0]: (0, 0, 0, 255)
[14,1]: (0, 0, 0, 255)
[14,2]: (0, 0, 0, 255)
[14,3]: (0, 0, 0, 255)
[14,4]: (0, 0, 0, 255)

[16,0]: (0, 2, 0, 255)
[16,1]: (2, 0, 2, 255)
[16,2]: (2, 0, 2, 255)
[16,3]: (2, 0, 2, 255)
[16,4]: (0, 2, 0, 255)

[18,0]: (2, 2, 0, 255)
[18,1]: (2, 0, 2, 255)
[18,2]: (2, 0, 2, 255)
[18,3]: (2, 0, 2, 255)
[18,4]: (2, 0, 2, 255)

[20,0]: (2, 2, 2, 255)
[20,1]: (2, 0, 0, 255)
[20,2]: (2, 2, 2, 255)
[20,3]: (2, 0, 0, 255)
[20,4]: (2, 2, 2, 255)

[22,0]: (0, 0, 0, 255)
[22,1]: (0, 0, 0, 255)
[22,2]: (0, 0, 0, 255)
[22,3]: (0, 0, 0, 255)
[22,4]: (0, 0, 0, 255)

[24,0]: (2, 2, 0, 255)
[24,1]: (2, 0, 2, 255)
[24,2]: (2, 2, 0, 255)
[24,3]: (2, 0, 0, 255)
[24,4]: (2, 0, 0, 255)

[26,0]: (2, 2, 2, 255)
[26,1]: (0, 2, 0, 255)
[26,2]: (0, 2, 0, 255)
[26,3]: (0, 2, 0, 255)
[26,4]: (2, 2, 2, 255)

[28,0]: (2, 0, 2, 255)
[28,1]: (2, 0, 2, 255)
[28,2]: (0, 2, 0, 255)
[28,3]: (2, 0, 2, 255)
[28,4]: (2, 0, 2, 255)

[30,0]: (2, 2, 2, 255)
[30,1]: (2, 0, 0, 255)
[30,2]: (2, 2, 2, 255)
[30,3]: (2, 0, 0, 255)
[30,4]: (2, 2, 2, 255)

[32,0]: (2, 0, 0, 255)
[32,1]: (2, 0, 0, 255)
[32,2]: (2, 0, 0, 255)
[32,3]: (2, 0, 0, 255)
[32,4]: (2, 2, 2, 255)

[34,0]: (0, 0, 0, 255)
[34,1]: (0, 0, 0, 255)
[34,2]: (0, 0, 0, 255)
[34,3]: (0, 0, 0, 255)
[34,4]: (0, 0, 0, 255)

[36,0]: (2, 2, 0, 255)
[36,1]: (2, 0, 2, 255)
[36,2]: (2, 2, 0, 255)
[36,3]: (2, 0, 2, 255)
[36,4]: (2, 2, 0, 255)

[38,0]: (2, 0, 2, 255)
[38,1]: (2, 0, 2, 255)
[38,2]: (2, 0, 2, 255)
[38,3]: (2, 0, 2, 255)
[38,4]: (2, 2, 2, 255)

[40,0]: (2, 2, 2, 255)
[40,1]: (0, 2, 0, 255)
[40,2]: (0, 2, 0, 255)
[40,3]: (0, 2, 0, 255)
[40,4]: (0, 2, 0, 255)

[42,0]: (0, 0, 0, 255)
[42,1]: (0, 0, 0, 255)
[42,2]: (0, 0, 0, 255)
[42,3]: (0, 0, 0, 255)
[42,4]: (0, 0, 0, 255)

[44,0]: (2, 2, 2, 255)
[44,1]: (0, 2, 0, 255)
[44,2]: (0, 2, 0, 255)
[44,3]: (0, 2, 0, 255)
[44,4]: (0, 2, 0, 255)

[46,0]: (2, 0, 2, 255)
[46,1]: (2, 0, 2, 255)
[46,2]: (2, 2, 2, 255)
[46,3]: (2, 0, 2, 255)
[46,4]: (2, 0, 2, 255)

[48,0]: (2, 2, 0, 255)
[48,1]: (2, 0, 2, 255)
[48,2]: (2, 2, 0, 255)
[48,3]: (2, 0, 2, 255)
[48,4]: (2, 0, 2, 255)

[50,0]: (2, 2, 2, 255)
[50,1]: (2, 0, 0, 255)
[50,2]: (2, 2, 2, 255)
[50,3]: (2, 0, 0, 255)
[50,4]: (2, 2, 2, 255)

[52,0]: (2, 2, 2, 255)
[52,1]: (2, 0, 0, 255)
[52,2]: (2, 2, 2, 255)
[52,3]: (2, 0, 0, 255)
[52,4]: (2, 2, 2, 255)